# forced round 4
# round bank quad which0 which1 frames firstframe
  0  1 0   2  7     264     180
  0  1 1   1  6     264     180
  0  1 2   2  7     264     180
  0  1 3   1  6     264     180
  0  1 0   0  0      12     444
  0  1 1   0  0      12     444
  0  1 2   0  0      12     444
  0  1 3   0  0      12     444
  4  1 0   0  0      95     448
  4  1 1   0  0      95     448
  4  1 2   0  0      95     448
  4  1 3   0  0      95     448
  4  2 0   0  0     117     451
  4  2 1   0  0     117     451
  4  2 2   0  0     117     451
  4  2 3   0  0     117     451
  4  2 0   1  6    4807     464
  4  2 1   0  5    4816     464
  4  2 2   1  6    4807     464
  4  2 3   0  5    4816     464
  4  1 0   1  6     530     769
  4  1 1   0  5     935     769
  4  1 2   1  6     530     769
  4  1 3   0  5     935     769
  4  1 0   0  5     405     948
  4  1 2   0  5     405     948
  4  1 0   2  7    2582    1786
  4  1 1   1  6    2582    1786
  4  1 2   2  7    2582    1786
  4  1 3   1  6    2582    1786
  4  2 0   0  5       9    2384
  4  2 2   0  5       9    2384
