# forced round 3
# round bank quad which0 which1 frames firstframe
  0  1 0   2  7     264     180
  0  1 1   1  6     264     180
  0  1 2   2  7     264     180
  0  1 3   1  6     264     180
  0  1 0   0  0      11     444
  0  1 1   0  0      11     444
  0  1 2   0  0      11     444
  0  1 3   0  0      11     444
  3  1 0   0  0      89     448
  3  1 1   0  0      89     448
  3  1 2   0  0      89     448
  3  1 3   0  0      89     448
  3  2 0   0  0     104     451
  3  2 1   0  0     104     451
  3  2 2   0  0     104     451
  3  2 3   0  0     104     451
  3  2 0   1  6    5360     464
  3  2 1   0  5    5366     464
  3  2 2   1  6    5360     464
  3  2 3   0  5    5366     464
  3  1 0   1  6     530    1162
  3  1 1   0  5     935    1162
  3  1 2   1  6     530    1162
  3  1 3   0  5     935    1162
  3  1 0   0  5     405    1341
  3  1 2   0  5     405    1341
  3  1 0   2  7    2052    2203
  3  1 1   1  6    2052    2203
  3  1 2   2  7    2052    2203
  3  1 3   1  6    2052    2203
  3  2 0   0  5       6    2801
  3  2 2   0  5       6    2801
