# harvested from attract8b.32x at frames [60, 120, 200, 300, 400, 480, 4530, 4560, 4600, 4650, 4700, 4750, 4800, 4850, 4900, 4950]
# set cells layermask (1 = plane B / S16 BG, 2 = plane A / FG, 3 = both)
0 4280 1
11 2337 1
37 1345 3
38 332 2
39 367 2
40 390 2
41 368 2
42 320 2
43 401 3
44 378 2
45 390 2
46 270 2
64 2502 2
65 99 2
66 80 2
67 721 3
68 257 1
69 1542 1
70 354 1
71 291 1
72 210 1
73 120 1
114 384 1
115 384 1
116 384 1
117 320 1
118 320 1
119 296 1
120 304 1
121 320 1
122 320 1
123 320 1
124 320 1
125 300 1
126 128 1
